1111111111111111111111111111111111111111111111111111111111111111111111111111111111111111111111111111111111111111111111111111111111
1111111111111111111111111111111111111111111111111111111111111111111111111111111111111111111111111111111111111111111111111111111111
1111111111111111111111111111111111111111111111111111111111111111111111111111111111111111111111111111111111111111111111111111111111
1111111111111111111111111111111111111111111111111111111111111111111111111111111111111111111111111111111111111111111111111111111111
1111111111111111111111111111111111111111111111111111111111111111111111111111111111111111111111111111111111111111111111111111111111
1111111111111111111111111111111111111111111111111111111111111111111111111111111111111111111111111111111111111111111111111111111111
1111111111111111111111111111111111111111111111111111111111111111111111111111111111111111111111111111111111111111111111111111111111
1111111111111111111111111111111111111111111111111111111111111111111111111111111111111111111111111111111111111111111111111111111111
1111111111111111111111111111111111111111111111111111111111111111111111111111111111111111111111111111111111111111111111111111111111
1111111111111111111111111111111111111111111111111111111111111111111111111111111111111111111111111111111111111111111111111111111111
1111111111111111111111111111111111111111111111111111111111111111111111111111111111111111111111111111111111111111111111111111111111
1111111111111111111111111111111111111111111111111111111111111111111111111111111111111111111111111111111111111111111111111111111111
1111111111111111111111111111111111111111111111111111111111111111111111111111111111111111111111111111111111111111111111111111111111
1111111111111111111111111111111111111111111111111111111111111111111111111111111111111111111111111111111111111111111111111111111111
1111111111111111111111111111111111111111111111111111111111111111111111111111111111111111111111111111111111111111111111111111111111
1111111111111111111111111111111111111111111111111111111111111111111111111111111111111111111111111111111111111111111111111111111111
1111111111111111111111111111111111111111111111111111111111111111111111111111111111111111111111111111111111111111111111111111111111
1111111111111111111111111111111111111111111111111111111111111111111111111111111111111111111111111111111111111111111111111111111111
1111111111111111111111111111111111111111111111111111111111111111111111111111111111111111111111111111111111111111111111111111111111
1111111111111111111111111111111111111111111111111111111111111111111111111111111111111111111111111111111111111111111111111111111111
1111111111111111111111111111111111111111111111111111111111111111111111111111111111111111111111111111111111111111111111111111111111
1111111111111111111111111111111111111111111111111111111111111111111111111111111111111111111111111111111111111111111111111111111111
1111111111111111111111111111111111111111111111111111111111111111111111111111111111111111111111111111111111111111111111111111111111
1111111111111111111111111111111111111111111111111111111111111111111111111111111111111111111111111111111111111111111111111111111111
1111111111111111111111111111111111111111111111111111111111111111111111111111111111111111111111111111111111111111111111111111111111
1111111111111111111111111111111111111111111111111111111111111111111111111111111111111111111111111111111111111111111111111111111111
1111111111111111111111111111111111111111111111111111101111111111111111111111111111111111111111111111111111111111111111111111111111
1111111111111111111111111111111111111111111111111111101111111111111111111111111111111111111111111111111111111111111111111111111111
1111111111111111111111111111111111111111111111111111101111111111111111111111111111111111111111111111111111111111111111111111111111
1111111111111111111111111111111111111111111111111111101111111111111111111111111111111111111111111111111111111111111111111111111111
1111111111111111111111111111111111111111111111111110001111111111111111111111111111111111111111111111111111111111111111111111111111
1111111111111111111111111111111111111111111111111100101111111111111111111111111111111111111111111111111111111111111111111111111111
1111111111111111111111111111111111111111111111111001101111111111111111111111111111111111111111111111111111111111111111111111111111
1111111111111111111111111111111111111111111111110001101111111111111111111111111111111111111111111111111111111111111111111111111111
1111111111111111111111111111111111111111111111110011101111111111111111111111111111111111111111111111111111111111111111111111111111
1111111111111111111111111111111111111111111111110011101111111111111111111111111111111111111111111111111111111111111111111111111111
1111111111111111111111111111111111111111111111100011101111111111111111111111111111111111111111111111111111111111111111111111111111
1111111111111111111111111111111111111111111111000111101111111111111111111111111111111111111111111111111111111111111111111111111111
1111111111111111111111111111111111111111111110001111101111111111111111111111111111111111111111111111111111111111111111111111111111
1111111111111111111111111111111111111111111100011111101111111111111111111111111111111111111111111111111111111111111111111111111111
1111111111111111111111111111111111111111111100111111101111111111111111111111111111111111111111111111111111111111111111111111111111
1111111111111111111111111111111111111111111100111111101111111111111111111111111111111111111111111111111111111111111111111111111111
1111111111111111111111111111111111111111111000111111101111111111111111111111111111111111111111111111111111111111111111111111111111
1111111111111111111111111111111111111111110001111111101111111111111111111111111111111111111111111111111111111111111111111111111111
1111111111111111111111111111111111111111110011111111101111111111111111111111111111111111111111111111111111111111111111111111111111
1111111111111111111111111111111111111111111111111111101111111111111111111111111111111111111111111111111111111111111111111111111111
1111111111111111111111111111111111111111111111111111101111111111111111111111111111111111111111111111111111111111111111111111111111
1111111111111111111111111111111111111111111111111111101111111111111111111111111111111111111111111111111111111111111111111111111111
1111111111111111111111111111111111111111111111111111101111111111111111111111111111111111111111111111111111111111111111111111111111
1111111111111111111111111111111111111111111111111111101111111111111111111111111111111111111111111111111111111111111111111111111111
1111111111111111111111111111111111111111111111111111101111111111111111111111111111111111111111111111111111111111111111111111111111
1111111111111111111111111111111111111111111111111111101111111111111111111111111111111111111111111111111111111111111111111111111111
1111111111111111111111111111111111111111111111111111101111111111111111111111111111111111111111111111111111111111111111111111111111
1111111111111111111111111111111111111111111111111111101111111111111111111111111111111111111111111111111111111111111111111111111111
1111111111111111111111111111111111111111111111111111101111111111111111111111111111111111111111111111111111111111111111111111111111
1111111111111111111111111111111111111111111111111111101111111111111111111111111111111111111111111111111111111111111111111111111111
1111111111111111111111111111111111111111111111111111101111111111111111111111111111111111111111111111111111111111111111111111111111
1111111111111111111111111111111111111111111111111111101111111111111111111111111111111111111111111111111111111111111111111111111111
1111111111111111111111111111111111111111111111111111101111111111111111111111111111111111111111111111111111111111111111111111111111
1111111111111111111111111111111111111111111111111111101111111111111111111111111111111111111111111111111111111111111111111111111111
1111111111111111111111111111111111111111111111111111101111111111111111111111111111111111111111111111111111111111111111111111111111
1111111111111111111111111111111111111111111111111111101111111111111111111111111111111111111111111111111111111111111111111111111111
1111111111111111111111111111111111111111111111111111101111111111111111111111111111111111111111111111111111111111111111111111111111
1111111111111111111111111111111111111111111111111111101111111111111111111111111111111111111111111111111111111111111111111111111111
1111111111111111111111111111111111111111111111111111101111111111111111111111111111111111111111111111111111111111111111111111111111
1111111111111111111111111111111111111111111111111111101111111111111111111111111111111111111111111111111111111111111111111111111111
1111111111111111111111111111111111111111111111111111101111111111111111111111111111111111111111111111111111111111111111111111111111
1111111111111111111111111111111111111111111111111111101111111111111111111111111111111111111111111111111111111111111111111111111111
1111111111111111111111111111111111111111111111111111101111111111111111111111111111111111111111111111111111111111111111111111111111
1111111111111111111111111111111111111111111111111111101111111111111111111111111111111111111111111111111111111111111111111111111111
1111111111111111111111111111111111111111111111111111101111111111111111111111111111111111111111111111111111111111111111111111111111
1111111111111111111111111111111111111111111111111111101111111111111111111111111111111111111111111111111111111111111111111111111111
1111111111111111111111111111111111111111111111111111101111111111111111111111111111111111111111111111111111111111111111111111111111
1111111111111111111111111111111111111111111111111111101111111111111111111111111111111111111111111111111111111111111111111111111111
1111111111111111111111111111111111111111111111111111101111111111111111111111111111111111111111111111111111111111111111111111111111
1111111111111111111111111111111111111111111111111111101111111111111111111111111111111111111111111111111111111111111111111111111111
1111111111111111111111111111111111111111111111111111101111111111111111111111111111111111111111111111111111111111111111111111111111
1111111111111111111111111111111111111111111111111111101111111111111111111111111111111111111111111111111111111111111111111111111111
1111111111111111111111111111111111111111111111111111101111111111111111111111111111111111111111111111111111111111111111111111111111
1111111111111111111111111111111111111111111111111111101111111111111111111111111111111111111111111111111111111111111111111111111111
1111111111111111111111111111111111111111111111111111101111111111111111111111111111111111111111111111111111111111111111111111111111
1111111111111111111111111111111111111111111111111111101111111111111111111111111111111111111111111111111111111111111111111111111111
1111111111111111111111111111111111111111111111111111101111111111111111111111111111111111111111111111111111111111111111111111111111
1111111111111111111111111111111111111111111111111111101111111111111111111111111111111111111111111111111111111111111111111111111111
1111111111111111111111111111111111111111111111111111101111111111111111111111111111111111111111111111111111111111111111111111111111
1111111111111111111111111111111111111000000001111111101111111111111111111111111111111111111111111111111111111111111111111111111111
1111111111111111111111111111111111111000000000000000000000000000000111111111111111111111111111111111111111111111111111111111111111
1111111111111111111111111111111111111111111111100000001111111111111111111111111111111111111111111111111111111111111111111111111111
1111111111111111111111111111111111111111111111111111111111111111111111111111111111111111111111111111111111111111111111111111111111
1111111111111111111111111111111111111111111111111111111111111111111111111111111111111111111111111111111111111111111111111111111111
1111111111111111111111111111111111111111111111111111111111111111111111111111111111111111111111111111111111111111111111111111111111
1111111111111111111111111111111111111111111111111111111111111111111111111111111111111111111111111111111111111111111111111111111111
1111111111111111111111111111111111111111111111111111111111111111111111111111111111111111111111111111111111111111111111111111111111
1111111111111111111111111111111111111111111111111111111111111111111111111111111111111111111111111111111111111111111111111111111111
1111111111111111111111111111111111111111111111111111111111111111111111111111111111111111111111111111111111111111111111111111111111
1111111111111111111111111111111111111111111111111111111111111111111111111111111111111111111111111111111111111111111111111111111111
1111111111111111111111111111111111111111111111111111111111111111111111111111111111111111111111111111111111111111111111111111111111
1111111111111111111111111111111111111111111111111111111111111111111111111111111111111111111111111111111111111111111111111111111111
1111111111111111111111111111111111111111111111111111111111111111111111111111111111111111111111111111111111111111111111111111111111
1111111111111111111111111111111111111111111111111111111111111111111111111111111111111111111111111111111111111111111111111111111111
1111111111111111111111111111111111111111111111111111111111111111111111111111111111111111111111111111111111111111111111111111111111
1111111111111111111111111111111111111111111111111111111111111111111111111111111111111111111111111111111111111111111111111111111111
1111111111111111111111111111111111111111111111111111111111111111111111111111111111111111111111111111111111111111111111111111111111
1111111111111111111111111111111111111111111111111111111111111111111111111111111111111111111111111111111111111111111111111111111111
1111111111111111111111111111111111111111111111111111111111111111111111111111111111111111111111111111111111111111111111111111111111
1111111111111111111111111111111111111111111111111111111111111111111111111111111111111111111111111111111111111111111111111111111111
1111111111111111111111111111111111111111111111111111111111111111111111111111111111111111111111111111111111111111111111111111111111
1111111111111111111111111111111111111111111111111111111111111111111111111111111111111111111111111111111111111111111111111111111111
1111111111111111111111111111111111111111111111111111111111111111111111111111111111111111111111111111111111111111111111111111111111
1111111111111111111111111111111111111111111111111111111111111111111111111111111111111111111111111111111111111111111111111111111111
1111111111111111111111111111111111111111111111111111111111111111111111111111111111111111111111111111111111111111111111111111111111
1111111111111111111111111111111111111111111111111111111111111111111111111111111111111111111111111111111111111111111111111111111111
1111111111111111111111111111111111111111111111111111111111111111111111111111111111111111111111111111111111111111111111111111111111
1111111111111111111111111111111111111111111111111111111111111111111111111111111111111111111111111111111111111111111111111111111111
1111111111111111111111111111111111111111111111111111111111111111111111111111111111111111111111111111111111111111111111111111111111
1111111111111111111111111111111111111111111111111111111111111111111111111111111111111111111111111111111111111111111111111111111111
1111111111111111111111111111111111111111111111111111111111111111111111111111111111111111111111111111111111111111111111111111111111
1111111111111111111111111111111111111111111111111111111111111111111111111111111111111111111111111111111111111111111111111111111111
1111111111111111111111111111111111111111111111111111111111111111111111111111111111111111111111111111111111111111111111111111111111
1111111111111111111111111111111111111111111111111111111111111111111111111111111111111111111111111111111111111111111111111111111111
1111111111111111111111111111111111111111111111111111111111111111111111111111111111111111111111111111111111111111111111111111111111
1111111111111111111111111111111111111111111111111111111111111111111111111111111111111111111111111111111111111111111111111111111111
1111111111111111111111111111111111111111111111111111111111111111111111111111111111111111111111111111111111111111111111111111111111
1111111111111111111111111111111111111111111111111111111111111111111111111111111111111111111111111111111111111111111111111111111111
1111111111111111111111111111111111111111111111111111111111111111111111111111111111111111111111111111111111111111111111111111111111
1111111111111111111111111111111111111111111111111111111111111111111111111111111111111111111111111111111111111111111111111111111111
1111111111111111111111111111111111111111111111111111111111111111111111111111111111111111111111111111111111111111111111111111111111
1111111111111111111111111111111111111111111111111111111111111111111111111111111111111111111111111111111111111111111111111111111111
1111111111111111111111111111111111111111111111111111111111111111111111111111111111111111111111111111111111111111111111111111111111
1111111111111111111111111111111111111111111111111111111111111111111111111111111111111111111111111111111111111111111111111111111111
